#doc name topic proportion ...
0	file:/Users/mlafleur/Projects/SDGclassy/project-vnr/vnr_txt/Japan_2017.txt	0.019534917181642283	0.015277267782479726	0.008078248375113924	0.03081687769280439	0.02779899296445849	0.023495728136343434	0.01695034512968663	0.014611624129137465	0.45337175028707877	0.03044032302640554	0.017738501909939655	0.0316937946783567	0.026623836556316182	0.010793853602309562	0.08411811784984598	0.011736730468940646	0.12428349267739804	0.05263559755174188
1	file:/Users/mlafleur/Projects/SDGclassy/project-vnr/vnr_txt/Albania_2018.txt	0.011223860210260225	0.02601901451168332	0.02421116543934503	0.049527971453088425	2.5309155070419003E-4	0.051219298612326984	0.06265623593192257	0.03265456460049277	0.43559129733884316	0.013311180410695924	0.05059715100153013	0.03729393525693739	0.029219420364088488	0.012260673150241989	0.028137657821553665	0.01682264345057246	0.09683861339021069	0.02216222550550238
2	file:/Users/mlafleur/Projects/SDGclassy/project-vnr/vnr_txt/Mongolia_2019.txt	0.038544892748610955	0.017405829299947218	0.04152734220437968	0.02172571746101041	0.009423980818869453	0.01853877529436643	0.02253271224410313	0.020128872858909595	0.46449225356052604	0.020214298407878542	0.019758509173060015	0.0935491639926633	0.012130426613973481	0.004759484029438909	0.04361419602219512	0.014045528866734663	0.09994792045567281	0.037660095947659594
3	file:/Users/mlafleur/Projects/SDGclassy/project-vnr/vnr_txt/Ethiopia_2017.txt	0.036117863955267324	0.01747840927169872	0.010168351991144287	0.03687488962906546	0.012164279454035276	0.031757801253094395	0.01100827778634475	6.649386872360177E-4	0.4468482132518884	0.014919313636730021	0.03642433556482543	0.01961142321795808	0.038634438468923914	0.04463507235260443	0.05002525340934606	0.045323585635755885	0.12118793300354662	0.02615561943053398
4	file:/Users/mlafleur/Projects/SDGclassy/project-vnr/vnr_txt/MEXICO_2018.txt	8.618211688323879E-7	0.0496071199436048	0.021107154502092766	0.02400350286534589	0.02678015876152114	0.02474324326934628	0.036184661177736936	0.014661080744049086	0.41761667974380023	0.03559760987353922	0.04311424586440492	0.04190749320600194	0.012847987794029285	0.007699535316550934	0.06734345996844465	0.017737992823613723	0.13031974328701576	0.028727469037733665
5	file:/Users/mlafleur/Projects/SDGclassy/project-vnr/vnr_txt/Mauritius_2019.txt.txt	0.029234143507558975	0.04182836834937511	0.02333005427823725	0.034915711307204535	0.043475606293914414	0.01931205277623323	0.030480294131302738	0.015822159949737125	0.4119970437694009	0.04075203291177307	0.04455962022432926	0.03065916486045017	0.016154135457418436	0.017423017062249545	0.053105033330483616	0.024574705803587272	0.08999256444564326	0.03238429154110026
6	file:/Users/mlafleur/Projects/SDGclassy/project-vnr/vnr_txt/South_Africa_2019.txt	0.015186700342554286	0.03618795140457274	0.041427466677657065	0.032027694425771656	0.018739943715388126	0.05533657522561622	0.03379337622453184	0.013506723622987578	0.44544333939447417	0.023134231490984914	0.026038216440320453	0.02988964851212259	0.025235043723516648	0.010755783953376277	0.04192711854437441	0.03589977373144406	0.09321977846234944	0.022250634107957627
7	file:/Users/mlafleur/Projects/SDGclassy/project-vnr/vnr_txt/Netherlands_2017.txt	7.470668888126805E-4	0.021223226025388217	0.03991682040332911	0.02896381879824318	0.03245020582945048	0.02754559374634663	0.03014688264957055	0.015187502029760496	0.46139746137580967	0.023931133348198196	0.041706870565147464	0.028889742023699417	0.009587907275540639	0.01562291160341843	0.0636321471978152	0.010515001230142512	0.11541369141420679	0.03312201759511965
8	file:/Users/mlafleur/Projects/SDGclassy/project-vnr/vnr_txt/Latvia_2018.txt	0.022660655508583306	0.03888528022824026	0.02129927555111494	0.03658987158101739	0.02625641362985392	0.010826709434076012	0.027804077214047113	0.019689873376164967	0.45961893118624525	0.02867499540131804	0.03632034305019119	0.043419915995680895	0.020020123508459907	0.009286278382549598	0.04725444817789891	0.0235538185996635	0.08285690648666946	0.044982082688224574
9	file:/Users/mlafleur/Projects/SDGclassy/project-vnr/vnr_txt/Czech_Republic_2017.txt	4.688192451642092E-4	0.010760889402235298	0.0245266012766774	0.031152490618608603	0.004332080126041156	0.024930686921937433	0.04544541709470664	0.003908529897907731	0.4856144359511897	0.05998574386334498	0.015028339028615813	0.050835894577603076	0.018546061092867404	1.163687387435362E-6	0.05250341442094555	0.002583443107906609	0.13775705925323492	0.03161893043362617
10	file:/Users/mlafleur/Projects/SDGclassy/project-vnr/vnr_txt/Slovakia_2018.txt	0.014475364292864112	0.057849710504049565	0.0327931404691225	0.015929488365532832	1.4755267125291326E-6	3.13905217850839E-6	0.042048446937032996	0.025529704192743852	0.46363373879704545	0.03668197376994608	0.03732891562715404	0.05517636640001112	0.033801380729852455	1.4845208106905345E-6	0.05533227506229377	0.009832301557491385	0.08552189784587597	0.034059196349281895
11	file:/Users/mlafleur/Projects/SDGclassy/project-vnr/vnr_txt/Egypt_2016.txt	6.595051592953843E-7	0.013633725745450001	0.014419406534437254	0.04467184934056955	0.005279793065074874	0.016497253830655794	0.018460341308823163	0.013633642103642443	0.44689097683174434	0.019662998606857655	0.04574610070354102	0.049685912153844505	0.08035511999732331	0.0055916935050997815	0.09022101962190118	0.006608240135560959	0.12197526812065755	0.006665998889656576
12	file:/Users/mlafleur/Projects/SDGclassy/project-vnr/vnr_txt/Maldives_2017.txt	0.02029913865522446	0.05238933862030571	0.020427619933899067	0.036634211175606425	0.0638006794081946	0.037547499725816114	0.026068964955165377	0.016878146564986644	0.4469513756073479	0.018786413449494724	0.01527766993323511	0.029952352309985365	0.019823037221949523	0.021067060056906194	0.048071298336116244	0.011395429458681845	0.0877099285079503	0.02691983607913422
13	file:/Users/mlafleur/Projects/SDGclassy/project-vnr/vnr_txt/Bhutan_2018.txt	0.03219473353699891	0.046903052068232004	0.019066785517175333	0.033382278400210644	0.004438021429745672	0.04447224937814753	0.01810129491714462	5.037171952720497E-4	0.44282548451687137	0.052479388343105095	0.019583551858755037	0.03953315716713713	0.031016112124520722	0.024673972690864177	0.060510112809410245	0.022443234961100286	0.0805538697963014	0.027318983289006896
14	file:/Users/mlafleur/Projects/SDGclassy/project-vnr/vnr_txt/Denmark_2017.txt	0.0028361539440141265	0.03464206611979366	0.011436331890390849	0.033020308808279095	0.005697691998953373	0.005881459526445541	0.03952663228918266	0.01850497227040547	0.47155446532303014	6.816826165766776E-4	0.03981476854508514	0.01491098099654084	0.017040115596440312	1.9674375214204766E-4	0.07372296883348846	0.013642060056806187	0.16825672832108254	0.048633869111342376
15	file:/Users/mlafleur/Projects/SDGclassy/project-vnr/vnr_txt/Canada_2018.txt	0.012709384587024464	0.055084647994800943	0.028111565834346094	0.07548881498639154	0.0262387420742413	0.006993333886441024	0.026663105737331598	0.022869487172424725	0.4354467060677965	0.0387664634388317	0.033214009937192944	0.024933994323325975	0.022879797516520497	0.026135329660612775	0.0682750495578763	0.018850014855439422	0.05881404236814321	0.018525510001259148
16	file:/Users/mlafleur/Projects/SDGclassy/project-vnr/vnr_txt/Qatar_2018.txt	9.948128939329715E-7	0.005684578929728095	0.05231381121230373	2.0346823846485264E-6	0.027445180894379844	0.045237103264553574	0.004479240205509983	5.092627078804977E-4	0.3987178843856539	0.057696759295071946	0.022305795715129268	0.1281978238718571	0.0173049552132464	9.972528209068819E-7	0.048095824837624084	0.008504332726741668	0.11038762331950124	0.07311579667271932
17	file:/Users/mlafleur/Projects/SDGclassy/project-vnr/vnr_txt/Zimbabwe_2017.txt	0.03609377932196225	0.03204101582957603	0.020830374796729834	0.09060446860774572	7.141379145826871E-7	0.02780887009442123	0.01787780403823466	2.8394596153885753E-6	0.40636518941420574	0.029064904287883598	0.047895327058591036	0.013648452023926403	0.03245384589738823	0.04892408019841643	0.04656545844740994	0.01992408391937295	0.11461972860750246	0.015279063859103074
18	file:/Users/mlafleur/Projects/SDGclassy/project-vnr/vnr_txt/Bahamas_2018.txt	0.022486342856784528	0.039165156205502816	0.016593062547426582	0.016297389551374147	0.03506638669864311	0.01562888054091984	0.028294750387532725	0.01885731669764545	0.4503735236855921	0.04247864848842971	0.03165938559295774	0.035577591187622916	0.04249983192257735	0.011394338182861603	0.05546851635338459	0.021034244270535067	0.09141061360118903	0.02571402122902047
19	file:/Users/mlafleur/Projects/SDGclassy/project-vnr/vnr_txt/Liechtenstein_2019.txt	0.009118090344987364	0.05140432143411591	0.03138646491256517	0.03556675758314244	0.01716800004850147	0.023623805326901698	0.041292659303001585	0.01791106965663979	0.4501307398670622	0.034600440325201924	0.048966469912078606	0.03031803093222204	0.002801990850658859	0.009595309993310411	0.0632838738148322	0.010047406029706933	0.08941627869257215	0.0333682909724988
20	file:/Users/mlafleur/Projects/SDGclassy/project-vnr/vnr_txt/Singapore_2018.txt	0.013916319741184437	0.041756048301816555	0.04176281727738645	0.01641291040646096	0.04387730099955061	0.03940594058677424	0.016145559050357725	0.008484559019723755	0.3933645361348229	0.0459804684289409	0.01874221114377969	0.06397440763331604	0.008964383929023406	0.014964187522310567	0.0706754868929851	0.0491032862019671	0.047301223561249925	0.06516835316834929
21	file:/Users/mlafleur/Projects/SDGclassy/project-vnr/vnr_txt/BiH_2019.txt	0.009015345381805146	0.0636271837846782	0.013218801720980528	0.036240758488392526	0.014831325820850465	0.01687759034892399	0.03826575553140467	0.01810200668901206	0.4345050250960334	0.039279648451422504	0.045275535644655446	0.02161108929276008	0.030515031098721647	0.0059870248573032185	0.07089663381000472	0.012254243301580411	0.09647568865531184	0.03302131202615851
22	file:/Users/mlafleur/Projects/SDGclassy/project-vnr/vnr_txt/Switzerland_2018.txt	0.03209563805638056	0.02363773511009067	0.04660658088250778	0.04314279611806246	0.04027327588579617	0.019344771315388753	0.028635023341420113	0.015744360500832874	0.4167065783787893	0.06063711815725529	0.044635984591886946	0.045277359073226144	0.01581289390870497	0.026572769619145557	0.046747216195999176	0.0066619776534790065	0.029772711946082202	0.05769520926495176
23	file:/Users/mlafleur/Projects/SDGclassy/project-vnr/vnr_txt/Nigeria_2017.txt	0.04331367128450991	0.05462411018477019	0.004010534861569441	0.07303510605825249	0.010134220664961491	0.012095811812461606	0.02913988384655714	0.004171257376021943	0.4067783110292746	0.012956074882125275	0.045825822737027434	0.011551683154735785	0.04101258018918571	0.031008260116771855	0.0341642581599157	0.018900821016807963	0.15450163724347418	0.012775955381577107
24	file:/Users/mlafleur/Projects/SDGclassy/project-vnr/vnr_txt/Finland_2016.txt	7.364537549210147E-7	0.016204822255275	0.00442773317022282	0.029412437545226506	0.006295705044182794	0.011649837798842018	0.02312963349287022	0.005007935717043162	0.49015766725400434	0.008889978579572121	0.028496505412491272	0.015210741965693404	0.027348521699263065	7.382600175786744E-7	0.0808307945184598	0.008372528788998253	0.22334321994264208	0.02122046210144017
25	file:/Users/mlafleur/Projects/SDGclassy/project-vnr/vnr_txt/Poland_2018.txt	0.010211062032160061	0.03640928349024652	0.019901326061298557	0.009095497450663476	0.029697528449358482	0.014429124514707386	0.018870930303119128	0.016937256572197773	0.4722124036051549	0.041735178297573436	0.03056753375328658	0.03211875829113886	0.016219042185700385	0.01595047643061885	0.060721694637455276	0.03465429411039172	0.11405676079921437	0.026211849015713985
26	file:/Users/mlafleur/Projects/SDGclassy/project-vnr/vnr_txt/Philippines_2019.txt	0.0020710767814714945	0.05574101699522758	2.82036758955598E-4	0.01699502664647462	6.616573332206476E-7	1.407617277027994E-6	0.06977825912648408	0.041736568087184456	0.44053380063329034	0.007923058514162723	0.04670190073160432	0.02947628130509064	0.040362782958299655	6.656904767440187E-7	0.08123672284105722	0.004420643156734667	0.13813673893490516	0.024601351563969823
27	file:/Users/mlafleur/Projects/SDGclassy/project-vnr/vnr_txt/Saint_Lucia_2019.txt	0.03247141298237473	0.06970336127161021	0.04577474101380457	0.047303982107760455	1.5865759078759195E-5	0.003019191513557355	0.027997935719856724	6.939388299289303E-4	0.3941967387683456	0.00405575209917832	0.0451872400626137	0.009475009260504137	0.04873011519238171	0.0075818257453134415	0.10221816203469751	0.004804633839481828	0.14501498939417243	0.011755104405339622
28	file:/Users/mlafleur/Projects/SDGclassy/project-vnr/vnr_txt/Kiribati_2018.txt	0.03153186416228395	0.07750399642088053	0.013353175982029898	0.04655939836533181	0.04324693325301077	0.028998739641673845	0.019324386416245502	0.008682862371936485	0.43989970745295337	0.025488583979406454	0.027378411771602683	0.03337540360020842	0.024090295459002466	0.022278945000912626	0.0516351134610799	0.010166749986963507	0.07895605846623958	0.01752937420823735
29	file:/Users/mlafleur/Projects/SDGclassy/project-vnr/vnr_txt/Slovenia_2017.txt	0.021320163979315958	0.06931026304099248	0.0208753144343272	0.04112058283945217	0.02547591013353185	0.0227031000873449	0.027382085701110323	0.016822417625518647	0.4270125368262506	0.024970297999035333	0.06974711697608542	0.03861385425053146	0.016821484307142878	0.018667012061560705	0.03781542363589367	0.013257667246617401	0.06800363758712173	0.040081131268166335
30	file:/Users/mlafleur/Projects/SDGclassy/project-vnr/vnr_txt/Azerbaijan_2017.txt	0.0651581117695302	0.012332910148044758	0.009898836301026906	0.043557860163808186	0.03481115980794768	3.9142765728669726E-4	0.02884780695988447	0.021818461280122943	0.44820931774770256	0.016873006794694657	0.035634557548646036	0.007561769089536306	0.025102790171955644	0.02323314846795976	0.05633596980488557	0.0316097688302099	0.12247625413675571	0.01614684332000155
31	file:/Users/mlafleur/Projects/SDGclassy/project-vnr/vnr_txt/Togo_2017.txt	0.038380805640503876	0.020517321590982424	4.201111827429867E-6	0.042589687147716715	0.05999703214314393	0.021295906280718306	0.01671372329164152	0.00791055910060856	0.44174308505659377	0.0010718302131102423	0.026301076139379344	0.016325346037677838	0.049206912459738635	0.03978908673756534	0.05292380579170682	0.03765121091476968	0.11113621608556876	0.016442194256746947
32	file:/Users/mlafleur/Projects/SDGclassy/project-vnr/vnr_txt/Romania_2018.txt	0.060775234982662504	0.0447156901698742	0.04767993686240131	0.008925508641563376	0.017572188752718314	0.03262586115513234	0.020258676217950508	0.006808038996303027	0.42778182079529664	0.07421476312628165	0.029396873848790993	0.03920027394213621	0.0165909862135629	2.845151796858561E-4	0.040872926782987144	0.009771100430627237	0.07467253690549665	0.047853066996528894
33	file:/Users/mlafleur/Projects/SDGclassy/project-vnr/vnr_txt/Lao_2018.txt	0.038324019381601675	0.04623693161000996	0.01656802810638217	0.043347366970966625	0.019082669278001254	0.02814122543852792	0.021694938302657445	0.008911613057022585	0.4293740669939888	0.03833584427923109	0.04963366961433615	0.025125994864088622	0.031231271879496453	0.02411600569103674	0.057768438485004577	0.010959251879263925	0.09353139606561751	0.01761726810276583
34	file:/Users/mlafleur/Projects/SDGclassy/project-vnr/vnr_txt/Germany_2016.txt	6.356068243887414E-5	0.014809018413451423	0.02356360020183851	0.04182788768042957	0.033631305960973724	0.014258601020452956	0.031325634163025	0.011989874891369934	0.44880176184189247	0.03833379682665323	0.0366400173897257	0.013637585208399174	0.02811078141057112	0.02012134914015752	0.07808018980358393	0.004323698972185689	0.10030746289206939	0.0601738735007809
35	file:/Users/mlafleur/Projects/SDGclassy/project-vnr/vnr_txt/Hungary_2018.txt	0.00802346141848758	0.04491155779831013	0.02216817723099795	0.018258779896262907	0.019961896952221773	0.041737277151139486	0.03462737454345656	0.012056764707767077	0.41898623904545024	0.053607364497637484	0.04951986507285712	0.027106503632203738	0.0185335474177067	0.01303101159738386	0.06294249465088958	0.014583417743529819	0.08856326148866626	0.051381005155031266
36	file:/Users/mlafleur/Projects/SDGclassy/project-vnr/vnr_txt/NewZealand_2019.txt	0.014200733355017304	0.042449412711565764	0.033962893200300937	0.022498065101419495	0.03877764181919144	0.021782972239006045	0.020936053817598794	0.010735805617295001	0.4516379297694175	0.0348817767706747	0.0463817057522337	0.05319770041123685	0.01570439356360152	0.01940362535379223	0.07952601164128421	0.013857763832476189	0.04572456040881448	0.03434095463507359
37	file:/Users/mlafleur/Projects/SDGclassy/project-vnr/vnr_txt/Turkey_2016.txt	0.011256976502416811	0.020535053472605303	0.00254380112722275	0.021199304810335638	0.0029725948220413593	0.020479000633063474	0.031373659655655445	0.012412630770416003	0.4521127069171716	0.027791758842311998	0.022694003420656285	0.02078604693307233	0.00970924555710733	0.006034219007519118	0.07000624899760144	0.014246551549984235	0.2222024514782605	0.03164374550255847
38	file:/Users/mlafleur/Projects/SDGclassy/project-vnr/vnr_txt/Sri_Lanka_2018.txt	0.01528111309000223	0.03652489479711633	0.0242449610225636	0.011037414230453622	0.035642313109492924	0.03384560032522789	0.02602967368467706	0.017779890143324456	0.4223301876334203	0.04530647375219354	0.01873429260038087	0.04000566396645525	0.03321264817806078	0.017191212688260266	0.05183364352532298	0.025266746463485142	0.10369382230042258	0.042039448489140256
39	file:/Users/mlafleur/Projects/SDGclassy/project-vnr/vnr_txt/UK_2019.txt.txt	0.027775420874308496	0.0342248399366762	0.02417087645668978	0.04151470836873459	0.036372691038571485	0.01724682940267234	0.032347198156865715	0.01415802291488063	0.44721436418492516	0.02913050674959174	0.0459954231340856	0.030905887488516366	0.01041626204937315	0.0193060474303598	0.07476803193781467	0.02157567396198863	0.061332089692317085	0.031545126221628916
40	file:/Users/mlafleur/Projects/SDGclassy/project-vnr/vnr_txt/SierraLeone_2019.txt	0.011405326388361565	0.05527138253961214	3.033479258898856E-5	0.05470295451329401	0.004819023887510588	0.024457319944107648	0.052691207440550565	0.022812164314805906	0.4645514113019871	0.006386155398565504	0.02001684046443659	0.015995667394628155	0.027588463849133032	0.008449591317795324	0.06892914571830402	0.0024976223444973327	0.1528758041554055	0.006519584234415727
41	file:/Users/mlafleur/Projects/SDGclassy/project-vnr/vnr_txt/Jordan_2017.txt	0.019793352937565175	0.037288947758451416	0.023810161776008303	0.034051605445851264	0.006046759147011362	0.02475750161277386	0.03721384731854414	0.0074721382441990695	0.46345597349298073	2.076198753903173E-6	0.06790708669560963	0.020804433449175905	0.03092517695000859	0.01169138137577553	0.06498829674300653	0.010730331536976218	0.12032594535195783	0.018734983965350123
42	file:/Users/mlafleur/Projects/SDGclassy/project-vnr/vnr_txt/Sudan_2018.txt	0.006988858933743318	0.03417990053680166	0.009476233629947815	0.02478495985593515	6.484874257514404E-7	0.014433796306832928	0.06988276486650563	0.011014991177200823	0.47301047724786616	0.021388370376091703	0.020544097137683615	0.03200177653506488	0.026380969795449957	0.03812229657096391	0.04774531584435854	0.013258863138454213	0.12740719760763472	0.0293784819520385
43	file:/Users/mlafleur/Projects/SDGclassy/project-vnr/vnr_txt/Malta_2018.txt	0.0283731877268428	0.05126082264211109	0.046751153697470516	0.02661423117481381	0.06073869099794386	0.03003249560142683	0.0179389777500862	0.01521132891683546	0.399661195675925	0.023110210353354196	0.0514969269489333	0.037975215334017876	0.015081287384307356	0.005213935828748048	0.06048105861589559	0.022714428814737928	0.0650330279125121	0.0423118246240377
44	file:/Users/mlafleur/Projects/SDGclassy/project-vnr/vnr_txt/Brazil_2017.txt	0.0291669572164343	0.014207897324700286	0.00709799763934608	0.03700357104040749	0.039340402853177206	6.146152531702456E-4	0.02050909265917859	0.016239245831702696	0.43447719645904537	0.016883260466471973	0.010868527666684372	0.040164488428341576	0.046306403491676855	0.0243462602000098	0.04866134367936985	0.019590045309925537	0.17062787736143573	0.023894817118922124
45	file:/Users/mlafleur/Projects/SDGclassy/project-vnr/vnr_txt/Italy_2017.txt	0.01626130559859841	0.04511595180013099	0.006174558286528721	0.05247586744730571	0.043248414009253396	0.03824067926791225	0.01840658072344999	0.0178496619962658	0.329109554432222	0.06636062312097749	0.0711211766872407	0.055434986215999946	0.018965283135004486	0.06554627721348051	0.021828781975995026	0.03626238857722672	0.033750292194891035	0.06384761731751598
46	file:/Users/mlafleur/Projects/SDGclassy/project-vnr/vnr_txt/Lesotho_2019.txt	0.01686750170318007	0.11155392299577976	1.4118804608151596E-6	0.0487318651038532	3.243698024360359E-7	0.0013977347461000026	0.04817842573161783	0.021937742273907383	0.4202544131310241	0.00686074766832375	0.0633922519736411	0.012870887830941483	0.054188896730835864	0.03502338109404665	0.04276200228525797	0.0027430933688022854	0.11209462837951825	0.0011407687329071708
47	file:/Users/mlafleur/Projects/SDGclassy/project-vnr/vnr_txt/Kenya_2017.txt	0.0488293303956499	0.04217767141465358	0.014235405212634148	0.02194442159637158	0.01435427402256815	0.03135590254031065	0.02769137015052063	0.007793135623719736	0.421834742065065	0.02546796238001554	0.027832810483814203	0.04436129329291051	0.029574236377280648	0.023967029877497596	0.047491835791827024	0.027862455264128602	0.12629502839247322	0.01693109511855843
48	file:/Users/mlafleur/Projects/SDGclassy/project-vnr/vnr_txt/Lithuania_2018.txt	0.024228351620151942	0.04528380056124497	0.024952987432164557	0.03542588188057643	0.03075258841489595	0.03139676116515501	0.02998557699121731	0.0242386589138569	0.4113364854124647	0.056489067973311775	0.04217048925635704	0.039411427826860204	0.018656831584597734	0.0012436365368208692	0.031564802052911574	0.02649419969724242	0.07239310182396419	0.05397535085620562
49	file:/Users/mlafleur/Projects/SDGclassy/project-vnr/vnr_txt/Fiji_2019.txt.txt	0.026934754824460925	0.04931686249881984	0.025307673984607783	0.04372636880008069	0.03550949137696951	0.019396930468539096	0.03254633942633102	0.01741662823520426	0.44239730424773427	0.023559746632035642	0.035281852785240125	0.03318732892664796	0.023374938298571797	0.009112326139681099	0.07734185854344025	0.011869264899844233	0.0669809502379549	0.0267393796738367
50	file:/Users/mlafleur/Projects/SDGclassy/project-vnr/vnr_txt/Malaysia_2017.txt	0.020372265110215875	0.02498500950695395	4.7918999082629556E-4	0.021074615976858373	0.05690574303061938	0.008696384313919732	7.524693888182673E-4	0.011767215795016182	0.43706244439980585	0.08245304195398036	0.0279652980828053	0.020273452307563413	0.02166347040625444	0.023692353399256197	0.042724887531054	0.03471754130992901	0.13192717187902625	0.032487445617096856
51	file:/Users/mlafleur/Projects/SDGclassy/project-vnr/vnr_txt/Ghana_2019.txt	0.03898643693966744	0.08085930978851526	0.013521054901435445	0.043550795393414325	0.010256025814567055	0.030794282834320365	0.04492358776205166	8.7051070333752E-4	0.42752056440330516	0.010283315281182946	0.0549474008578266	0.02455232842782398	0.030893764357418717	0.02160623155246034	0.04528260680193495	0.020080485544117642	0.09262626410206688	0.00844503453455345
52	file:/Users/mlafleur/Projects/SDGclassy/project-vnr/vnr_txt/Australia_2018.txt	0.016856960668423952	0.029795636490470057	0.02972269776311629	0.040608717867911495	0.03499151084112516	0.026356690215326273	0.028699205560274516	0.009172104240736405	0.45963845675983234	0.02703247397463006	0.03239945550566558	0.04223384972181986	0.015317716903621595	0.01748375977468458	0.05859760858478919	0.02383693571319597	0.07887956034186405	0.028376659072512415
53	file:/Users/mlafleur/Projects/SDGclassy/project-vnr/vnr_txt/Greece_2018.txt	0.004439565766750084	0.0428042886978092	0.01616838670060007	0.02135193543462911	0.0453809538008083	0.010665769537269424	0.03400440714884382	0.014327294391402016	0.4200586463150415	0.02567433312960008	0.052690800558935914	0.03606762776623086	0.014218053062445857	0.003586010569759196	0.061423299874899986	0.03134330819432625	0.11517169193999918	0.050623627110649404
54	file:/Users/mlafleur/Projects/SDGclassy/project-vnr/vnr_txt/Estonia_2016.txt	0.00381970176913642	0.03554566414439135	0.027542008952447388	0.03909823798967694	0.03918907015212589	0.007382077541304871	0.03502945880579779	0.008321152254171436	0.4677898016539683	0.040543349910321776	0.04119877115365838	0.03444088370522676	0.012778783034530838	0.014355789940172024	0.044835913526138915	0.015443436197521013	0.09470901919292657	0.03797688007648246
55	file:/Users/mlafleur/Projects/SDGclassy/project-vnr/vnr_txt/Rwanda_2019.txt	0.035911990944340416	0.06995315165181316	1.233767402654979E-4	0.06755858887132868	5.297759427237151E-7	0.0033259172354027262	0.034803754610873726	0.019354806711402207	0.4357440128893491	0.014613902617495764	0.044694788418122	0.012937532813068071	0.04305573000766505	0.01952086977226016	0.05416689264196953	0.024130869169972913	0.10435423982719713	0.015749045301530366
56	file:/Users/mlafleur/Projects/SDGclassy/project-vnr/vnr_txt/Jamaica_2018.txt	0.026048125206038573	0.05399549508495329	0.0332015048598376	0.018689257318897035	0.022534380178325035	0.0182566690361594	0.023164081142369047	0.01013855116068082	0.412430388241531	0.0291922943952789	0.02886995779239242	0.040464151948355356	0.03198476825237318	0.014757038688900137	0.0658054595661087	0.021755684216127266	0.11975597708101338	0.028956215830659146
57	file:/Users/mlafleur/Projects/SDGclassy/project-vnr/vnr_txt/Serbia_2019.txt.txt	0.014940924319767207	0.06338720928851277	0.01323732565427891	0.06258754840975077	0.008908080072612744	3.9707944145353394E-4	0.05231437320015192	0.02094337712653943	0.4298988729058269	0.011550916855122469	0.05832866909042204	0.04056391834396597	0.0207413888690376	0.003164614464125465	0.06208468977061421	0.004064191190577744	0.11284408844509614	0.020042732552143897
58	file:/Users/mlafleur/Projects/SDGclassy/project-vnr/vnr_txt/Armenia_2018.txt	0.034763401823475724	0.03364435358774935	0.04956322047373299	0.04881791496019693	0.002523877203489299	0.045148342571883625	0.027954548941685475	0.008581462797001546	0.43642767051750003	0.035542775194246194	0.03560214783597158	0.03438799861864307	0.027476024105611622	0.018365640933991106	0.03316488656280986	0.01122315891454422	0.05515581902332937	0.061656755934137095
59	file:/Users/mlafleur/Projects/SDGclassy/project-vnr/vnr_txt/Cyprus_2017.txt	0.008849398388978854	0.06206914961087365	0.039255658406208795	0.029698379055337905	0.03295987739474492	0.02192357934004813	0.040603725702762654	0.010199802003118041	0.37978820209641556	0.07327575622777414	0.05538737164098181	0.03454571457430614	0.01500022615850739	0.008613599987221065	0.055060324890575614	0.024968900075231417	0.06694118018083726	0.040859154266076274
60	file:/Users/mlafleur/Projects/SDGclassy/project-vnr/vnr_txt/Saudi_Arabia_2018.txt	0.006512227049448965	0.039001808294236676	0.030950639359662042	0.01606462663931219	0.023355462244645596	0.020798795054897654	0.02164217410206782	0.010094516712051676	0.4392709586824646	0.036090068398482146	0.039606479065169266	0.061016766794308876	0.010383661950640517	0.014666544373056927	0.0430270992149773	0.027812639547351796	0.11738774234494333	0.042317790172282384
61	file:/Users/mlafleur/Projects/SDGclassy/project-vnr/vnr_txt/Indonesia_2019.txt.txt	0.011371845817341724	0.12239004339393975	0.012962407587405248	0.03842389623790609	0.010596504751729796	0.009942418872811307	0.03923503716307773	0.0246905876923379	0.40438450218661975	0.019168150493784637	0.054509739118406994	0.03017667367268136	0.03832248272854424	0.01119845791832164	0.048133853555857864	0.021765331932350418	0.09307701954927797	0.00965104732760572
62	file:/Users/mlafleur/Projects/SDGclassy/project-vnr/vnr_txt/Israel_2019.txt.txt	0.03384644036680247	0.04127597081807486	0.023559846073773854	0.039390970403375844	0.023577000503512545	0.03986546078686545	0.0426902463350167	0.010546716860300686	0.38896045239654464	0.030384735523799767	0.03283389474297967	0.0465698101863152	0.013687718373937436	0.027082889029273676	0.06246714539067249	0.027186131695255137	0.06526103979722797	0.05081353071627186
63	file:/Users/mlafleur/Projects/SDGclassy/project-vnr/vnr_txt/Cambodia_2019.txt	0.02602767366134952	0.04701541251138292	0.01963056070221806	0.02674305992955744	0.020835219083719034	0.0265553245753064	0.02810034281721042	0.023450722647309324	0.433046969845457	0.04630000405083352	0.02569586656655529	0.025819058655418326	0.02353659889487185	0.01741210230800583	0.05533451193588181	0.019607517634621402	0.1151659881185941	0.01972306606170746
64	file:/Users/mlafleur/Projects/SDGclassy/project-vnr/vnr_txt/Portugal_2017.txt	0.006282163349867293	0.039144665152619176	0.02372255547352138	0.04324735622110881	0.03708620294361936	0.02097280303845687	0.027882469125352905	0.024437062697160512	0.3975311838702569	0.03229768041659843	0.051609658741819456	0.030280574554730523	0.02230407046848943	0.009912949132459934	0.06532059235751343	0.028885239066970797	0.10162196592176931	0.037460807467685465
65	file:/Users/mlafleur/Projects/SDGclassy/project-vnr/vnr_txt/Belgium_2017.txt	0.02218887672946228	0.03203816959722456	0.030224622728774145	0.04359143781235367	0.02505518254631514	0.027750678902287277	0.0336604650540087	0.012050070436880857	0.3961724679930116	0.03638162207730119	0.03771928087608571	0.03056022498910275	0.022677546501121977	0.014192388042063632	0.07042225385882112	0.02708442614280306	0.09829820850928095	0.039932077203101116
66	file:/Users/mlafleur/Projects/SDGclassy/project-vnr/vnr_txt/Palau_2019.txt	0.039188493765552834	0.04421142433372499	0.014916329018773261	0.04701452750281431	0.05499000991015486	0.014907860063830538	0.03225749785521177	0.00720334343786061	0.4239505033171901	0.060974694038093094	0.030476269146167717	0.03238612110715308	0.02976967955594933	0.025905297019236384	0.06404185795927447	0.0035411097697242697	0.059545538923408484	0.0147194432758793
67	file:/Users/mlafleur/Projects/SDGclassy/project-vnr/vnr_txt/Kuwait_2019.txt	0.02493297999659064	0.04041184984242047	0.02929583876258442	0.03630020718524859	0.028004299638764458	0.021500373831996215	0.05286254743103663	0.02149207068913191	0.4146850036307237	0.03439852930687234	0.03566919376942038	0.04312070639405205	0.016127847995000406	0.011534225002682091	0.055257628516803874	0.013937460746976226	0.09024727687666766	0.030221960383027244
68	file:/Users/mlafleur/Projects/SDGclassy/project-vnr/vnr_txt/Thailand_2017.txt	0.018066604717163846	0.0349669436410543	0.023388826624563333	0.009653674371745323	0.04895721631332925	0.03641018208341386	0.021211730040646394	0.023810670259069196	0.4354560966387991	0.04773157294631741	0.0256560993465364	0.03307418784244632	0.02264949509089581	0.016787463929841713	0.05319106900368794	0.021310611825275293	0.08690948367982522	0.040768071645389065
69	file:/Users/mlafleur/Projects/SDGclassy/project-vnr/vnr_txt/Viet_Nam_2018.txt	0.027264322165629986	0.03207826370185252	0.027878441824245367	0.031161401001020123	0.024580505214914096	0.02494220183636979	0.024116018745527334	0.02428482933172069	0.4685458148029501	0.03810354104860963	0.03487742067873161	0.03861965596889708	0.03179365060557813	0.007664727288450105	0.04232932540578528	0.020277367761314034	0.06392163025562222	0.03756088236278167
70	file:/Users/mlafleur/Projects/SDGclassy/project-vnr/vnr_txt/SierraLeone_2016.txt	0.027039778823343637	0.012701876229092314	6.175963166828295E-6	0.016964242147430936	0.0018970968955222419	0.013397480284396452	0.03933681523764971	0.025746953513403677	0.4651918782674096	0.008410092385794305	0.014769120070702836	0.025072090966646268	0.04098449569687519	0.0093551019280159	0.09122154121391852	1.4173598231670675E-6	0.18527900485392818	0.022624838162880096
71	file:/Users/mlafleur/Projects/SDGclassy/project-vnr/vnr_txt/Qatar_2017.txt	0.01663781606839004	0.04059653745241106	0.03838989060621806	0.027805551248788016	0.015788998945782493	0.03868930316320494	0.021674162669516387	0.010133437413447296	0.44974083996656594	0.015753420152999756	0.04438560722836149	0.02190259025525717	0.026711538705355017	0.03142603131301001	0.03091907328608512	0.03687729076512968	0.11600554955466512	0.016562361204812553
72	file:/Users/mlafleur/Projects/SDGclassy/project-vnr/vnr_txt/India_2017.txt	0.031255071622344845	0.014446670114913674	0.018734488908604303	0.044795831985215126	0.041654262019875744	0.020368148089514315	0.007842835333642911	0.00963244039753431	0.43048713575451925	0.023490720565085128	0.019596965664113994	0.010233148123320643	0.04016980230612975	0.04063879568074007	0.06108221105352006	0.03138670195589164	0.14826010991952152	0.0059246605055128946
73	file:/Users/mlafleur/Projects/SDGclassy/project-vnr/vnr_txt/Switzerland_2016.txt	1.3526808220997064E-6	5.978605115915484E-4	3.1387812193799705E-4	0.016445849734637023	0.009691867943235486	0.012536571848122175	0.029570539276701908	1.0013168787253897E-4	0.46379680296709197	0.015120307395728859	0.017156525687188548	0.016139102403843412	0.027226274065684952	0.007867499502593822	0.06506581892669443	1.3463343278504887E-6	0.248021803585576	0.07034646732634918
74	file:/Users/mlafleur/Projects/SDGclassy/project-vnr/vnr_txt/Pakistan_2019.txt	0.049243273647155306	0.028732128408996	0.03244106079659915	0.04700269392958113	7.914778931201586E-4	0.016936780414506546	0.0132450136833473	0.013694695024537469	0.4405668020297804	0.027676939648832173	0.04601832124357627	0.010082069794879954	0.02992636502913645	0.02452081952760697	0.05984346502424381	0.014308411706463815	0.13233111271818582	0.01263856947945045
75	file:/Users/mlafleur/Projects/SDGclassy/project-vnr/vnr_txt/Tajikistan_2017.txt	0.029038693666164846	0.03152085111316494	0.0356109557366001	0.04342647356868806	1.3685021019821379E-6	0.04773285607180161	0.0030086223548379098	0.017735768496656805	0.4852407835064507	0.02059726746288635	0.01491829488324784	0.0208618862821042	0.015231180567350676	0.041572619006238085	0.03541688804928633	0.012775863320610172	0.12586985515765725	0.019439772254151916
76	file:/Users/mlafleur/Projects/SDGclassy/project-vnr/vnr_txt/Afghanistan_2017.txt	0.06947598990974227	0.0010706177998849034	2.5932692480020765E-4	0.06381708966915176	5.842835835611133E-7	0.004859591009252194	0.02989024135486859	0.011917087795877945	0.4469895763265387	0.01023201642872341	0.00968702923640966	0.010324453047455827	0.07437604355973389	0.07890508957620966	0.028196709112235156	0.027938652479893213	0.1199596687675177	0.012100232718120617
77	file:/Users/mlafleur/Projects/SDGclassy/project-vnr/vnr_txt/Bahrain_2018.txt	0.027352244742221376	0.03154162457605885	0.018116808696017905	0.03712733226622167	0.025265357031005294	0.030601361125701197	0.037248839448631214	0.00909499568806164	0.4541530511822013	0.03306868922928229	0.041846097063521104	0.04806414621435521	0.010922930896522258	0.010061927198147134	0.053428452278956096	0.013963182377640507	0.08659543031935209	0.03154752966610239
78	file:/Users/mlafleur/Projects/SDGclassy/project-vnr/vnr_txt/Lebanon_2018.txt	0.014709669562627545	0.04421358023248652	0.019925105751435926	0.030283258758207865	0.02256886320940007	0.02454179744959632	0.046987437155551585	0.014252254356243816	0.4151314004256874	0.03110934503227211	0.05856256157103302	0.04435070875715012	0.02222529553757118	0.012561388669299045	0.05222527544950584	0.023012280371488968	0.09927246908324147	0.024067308627200353
79	file:/Users/mlafleur/Projects/SDGclassy/project-vnr/vnr_txt/Uganda_2016.txt	0.016090134037884955	0.014570289446228575	0.024789432225948524	0.04365550366337217	6.871206940745879E-7	0.011210924567574212	0.017684618583413216	1.476819870902041E-4	0.45438305190075173	0.00857826688681881	0.0292570807371024	0.020947322771484953	0.0345357445667605	0.003866023301896832	0.044695084500340966	0.021574070567195288	0.22896121361249896	0.02505286952294323
80	file:/Users/mlafleur/Projects/SDGclassy/project-vnr/vnr_txt/Tanzania_2019.txt	0.011135136902226589	0.10550958295969345	0.009623733522965881	0.04231440869385557	0.014650865164668195	0.010610571509762225	0.031134771726618257	0.010949729634628489	0.4206602138899789	0.027967149378551465	0.05141075891278305	0.023169730606814366	0.02923945926395731	0.01959069155922935	0.06723660928712497	0.02143310851407661	0.08562411159257359	0.017739366880490923
81	file:/Users/mlafleur/Projects/SDGclassy/project-vnr/vnr_txt/Tonga_2019.txt	0.02943310729029654	0.04188004660992175	0.011901135912636763	0.04035549115972163	0.02552788158655349	0.01767921817061697	0.03630633761761922	0.008685556746564103	0.43555081257480155	0.056224415631266365	0.03272722286394026	0.02101231446887662	0.03695795637855999	0.0030207841363200255	0.05843750660511074	0.011351921254051585	0.1267903161713652	0.006157974821776763
82	file:/Users/mlafleur/Projects/SDGclassy/project-vnr/vnr_txt/TimorLeste_2019.txt	0.042264783405798624	0.1099636599456821	0.0016323630180786718	0.05788867686734967	0.004114755690307797	0.04693356438054657	0.05799414017496769	0.0085787836685646	0.43804433681816146	1.0623254140645973E-6	0.05118484721798688	0.012306916746101506	0.005801975272237777	0.03953222405512809	0.027768667579250384	0.01152814762112997	0.0841681894247159	2.9290578857799223E-4
83	file:/Users/mlafleur/Projects/SDGclassy/project-vnr/vnr_txt/France_2016.txt	0.005956982820963617	0.02606946419313254	0.03949327347823988	0.0396679212982212	0.039780499924427865	0.022957695330603857	0.030424293718576027	0.012406484377261742	0.41220493142239534	0.04804262854664107	0.04718559432398148	0.03526120982661356	0.018008788801307192	0.013902867285217845	0.0888803111535482	0.01595544357561225	0.07084625865665767	0.03295535126659818
84	file:/Users/mlafleur/Projects/SDGclassy/project-vnr/vnr_txt/Philippines_2016.txt	0.003918579444420725	0.01662633449204148	7.775759636917492E-5	0.02061495833191618	0.017117371175278093	0.013182704652142932	0.025080640425301948	0.03052063439252502	0.4308756698567289	0.015947855072054793	0.022994676066218564	0.015325433238838447	0.024221299642894097	0.013126618268615239	0.06982328960254836	0.005437992055103991	0.26247584298746135	0.012632342699540791
85	file:/Users/mlafleur/Projects/SDGclassy/project-vnr/vnr_txt/Norway_2016.txt	0.0069327910680177076	0.03703759580094952	0.019134640202821417	0.0463150752376904	0.0505444228912887	0.0237997398573247	0.05734002044777566	0.01929809617226011	0.4399248469853398	0.032260747000413086	0.03025402544770477	0.014084676666631634	0.01865526532931119	0.014083136080604915	0.06382337237842962	0.005909360442179879	0.08738779578801838	0.03321439220323839
86	file:/Users/mlafleur/Projects/SDGclassy/project-vnr/vnr_txt/Namibia_2018.txt	0.03577996258213451	0.07889094529117163	5.409496316626088E-5	0.040211690833268	0.02533608563679809	0.0343152205809343	0.029233851035876245	0.0029187241376384225	0.4467895596125983	0.031101266769388663	0.02850180880393064	0.026503954648075284	0.04839023836560102	0.055318503380130835	0.01700970111144979	0.019772681508759972	0.06861070262638222	0.011261008112695921
87	file:/Users/mlafleur/Projects/SDGclassy/project-vnr/vnr_txt/Belize_2017.txt	0.1412724658622658	0.01738365833539906	1.7803543647396683E-4	0.13259925741742873	0.06993230228503809	0.012142564089573633	0.006759824420106404	0.004340656640337511	0.39578354508343117	0.010861221535131003	6.508302248757707E-5	0.012713176363396653	0.06448817262609366	9.059035093607185E-7	0.04136337558368077	0.005145242047388862	0.05899464074407552	0.025975872604182305
88	file:/Users/mlafleur/Projects/SDGclassy/project-vnr/vnr_txt/Iceland_2019.txt	0.02014324864793428	0.059007611637504044	0.026126940322199827	0.04703544993144818	0.04353392868919629	0.01841583238048249	0.03527803220560237	0.015863741846878252	0.42313748531139544	0.03530473350880926	0.038103957147176994	0.033921165692346926	0.023066664120875328	0.009776260529746497	0.06332684829928162	0.009490451165223436	0.05818801937193629	0.040279629191962235
89	file:/Users/mlafleur/Projects/SDGclassy/project-vnr/vnr_txt/Nepal_2017.txt	0.06069015146238066	0.0580363214775454	3.529741125763369E-4	0.039035190283414956	7.952779278869575E-7	0.006404761178068027	0.014945993979289716	0.010838050076572455	0.47129804259227626	0.00394488720699186	0.021615415586803167	0.008376698396659006	0.030898548832378084	0.02955557848641132	0.025251311166351247	0.031442940370853247	0.16343284980319223	0.023879489710308077
90	file:/Users/mlafleur/Projects/SDGclassy/project-vnr/vnr_txt/Montenegro_2016.txt	2.4936541557187187E-7	0.010444475638159518	0.010038330387475447	0.01082833423832408	0.03124326040204894	0.007334097300882143	0.02248142834427094	0.011200076763035421	0.5082224232138429	0.047684229488234024	0.017738202329526387	0.027884901945279046	0.012929258454706048	1.7721254493569365E-5	0.055935084319206525	0.019192446498579315	0.14232564319469565	0.06449983686182456
91	file:/Users/mlafleur/Projects/SDGclassy/project-vnr/vnr_txt/Egypt_2018.txt	0.015137604298912184	0.029340918322702483	0.043887714068506306	0.020306446586358908	0.03627812150717451	0.031845786960484616	0.013801039012725556	0.018269353799784633	0.4613277829325421	0.022289666782535036	0.041057068633692004	0.04455514999598238	0.04673767303784066	0.008209574701721034	0.03963213362005719	0.011673585736968771	0.08908486862241333	0.026565511379597593
92	file:/Users/mlafleur/Projects/SDGclassy/project-vnr/vnr_txt/Indonesia_2017.txt	0.07110224563745188	0.014309675285155653	0.0034481062339623003	0.08648358591749604	0.04658879086056536	0.012005384852907188	0.01352319658390339	0.011419835471513956	0.434284957039796	0.0033773153797345113	0.004555162965023399	0.012632870139098043	0.044215174569232574	0.045633342646487156	0.02535273015918948	0.032673214518477725	0.11539879442549172	0.022995617314513588
93	file:/Users/mlafleur/Projects/SDGclassy/project-vnr/vnr_txt/RepKorea_2016.txt	0.0060322218598887305	0.019317678635876537	0.004870173370044174	0.041334248057028344	0.009859057507086922	0.015128782362327613	0.023585804025205225	0.02279778283194784	0.45658757777209175	0.023074320309963387	0.033458655008675356	0.03121327737689759	0.020411434287605272	7.935357063038114E-7	0.05845885101919216	0.01039980557966711	0.19429603740820603	0.029173499052589563
94	file:/Users/mlafleur/Projects/SDGclassy/project-vnr/vnr_txt/Vanuatu_2019.txt	0.005488791580659849	0.03521149731545177	0.014486457443418385	0.01006978684755084	0.02419200625413743	0.023676859340123167	0.04237944665197373	2.333287824082379E-6	0.49888070320368955	0.024378871127981802	0.03899627613647657	0.03395227164820022	0.008625530324134663	0.017125433156003456	0.07242138037639763	0.011905446761831638	0.10810373718390368	0.03010317136024088
95	file:/Users/mlafleur/Projects/SDGclassy/project-vnr/vnr_txt/Palestine_2018.txt	0.023024065433728366	0.03933254191418102	0.024232041277582828	0.029825561967306968	0.022378541601297805	0.039792765453341886	0.043673114778219946	0.010406941915788087	0.43177060998531824	0.039239842228345874	0.04431134954174011	0.05303403366594651	0.029518175877417924	0.03300660692370584	0.04003913773737424	0.011135695384260944	0.057982168364753985	0.027296805949688568
96	file:/Users/mlafleur/Projects/SDGclassy/project-vnr/vnr_txt/Ireland_2018.txt	0.016720317450739687	0.035954040300979755	0.027032179883705428	0.05255150889512813	0.02106200694413345	0.008885468678255291	0.03673769996679757	0.010651328922395507	0.45535851865939647	0.02786936314496439	0.03725749257462472	0.021878993548548078	0.02824546705157939	0.0149709190545212	0.08234464553365516	0.011095732739924246	0.08091796428754226	0.030466352363109347
97	file:/Users/mlafleur/Projects/SDGclassy/project-vnr/vnr_txt/Bangladesh_2017.txt	0.03457779586938439	0.011765411286024008	5.484300796057536E-5	0.03577933803765055	0.07051056185172755	0.011389525849516012	7.746554571015647E-7	0.016865369403582242	0.44056826901311774	0.0017452591969922952	0.033713428875685424	0.023333318798697513	0.034940098204161586	0.04171786992461641	0.05354641987705686	0.024429335292676033	0.1490255353729079	0.016036845482785323
98	file:/Users/mlafleur/Projects/SDGclassy/project-vnr/vnr_txt/Cabo_Verde_2018.txt	0.01718802395516148	0.043776126368733244	0.016982933893535883	0.021268988877888265	0.02311915763974736	0.04371546769194102	0.019431357007420682	0.017768283914053495	0.44909608822591407	0.028551796330675228	0.03074812047140264	0.03577433095790591	0.044247981514657926	0.01497799476366541	0.048322313658644464	0.01252166338700046	0.10005749644938096	0.03245187489227125
99	file:/Users/mlafleur/Projects/SDGclassy/project-vnr/vnr_txt/Sweden_2017.txt	0.010573401765874383	0.019817302141078623	0.009139920486010318	0.057588163799842426	0.02531152727905514	1.2621448692115653E-4	0.03266668225713226	0.014614330710406766	0.4660486820160196	0.017469630305377095	0.03934656208610496	0.025890418379356604	0.01231509445533093	0.009716696873859317	0.06721436155128875	0.020979241898189713	0.12359589001153233	0.04758587949661913
